<level>
<start>
	1
	1
</start>
<end>
	11
	5
</end>
<grid>
    0,0,0,0,0,0,0,0,0,0,0,0.
    0,1,1,1,1,0,1,1,1,0,1,0.
    0,0,1,0,1,1,1,0,1,0,1,0.       
    0,1,1,0,1,0,0,1,1,0,1,0.
    0,1,0,0,1,0,0,1,0,0,1,0.
    0,1,1,1,1,1,1,1,1,1,1,1. 
    0,0,0,0,0,0,0,0,0,0,0,0; 
</grid>
</level>

<level>
<start>
	1
	1
</start>
<end>
	13
	6
</end>
<grid>
    0,0,0,0,0,0,0,0,0,0,0,0,0,0.
    0,1,1,1,1,0,1,1,1,0,1,0,0,0.
    0,0,1,0,1,1,1,0,1,0,1,0,0,0.       
    0,1,1,0,1,0,0,1,1,0,1,0,0,0.
    0,1,0,0,1,0,0,1,0,0,1,0,0,0.
    0,1,0,0,1,0,0,1,0,0,1,0,0,0.
    0,1,1,1,1,1,1,1,1,1,1,1,1,1. 
    0,0,0,0,0,0,0,0,0,0,0,0,0,0; 
</grid>
</level>