<width>
	13
</width>
<height>
	12
</height>		
<start>
	1
	1
</start>
<end>
	13
	1
</end>
<grid>
    0,0,0,0,0,0,0,0,0,0,0,0,0,0.
    0,1,1,1,1,0,1,0,1,0,1,0,1,0.
    0,0,1,0,1,1,1,0,1,0,1,0,1,0.       
    0,1,1,0,1,0,0,1,1,0,1,0,1,0.
    0,1,0,0,1,0,0,1,0,0,1,0,1,0.
    0,1,0,0,1,0,0,1,0,0,1,0,1,0.
    0,1,1,1,1,0,1,1,1,0,1,0,1,0.
    0,0,1,0,1,1,1,0,1,0,1,0,1,0.       
    0,1,1,0,1,0,0,1,1,0,1,0,1,0.
    0,1,0,0,1,0,0,1,0,0,1,0,1,0.
    0,1,0,0,1,0,0,1,0,0,1,0,1,0.
    0,1,1,1,1,1,1,1,1,1,1,1,1,1. 
    0,0,0,0,0,0,0,0,0,0,0,0,0,0; 
</grid>
</level>